-81.433868 160.431992
-70.814674 52.809746
-69.148071 69.914024
-64.409012 -66.628395
-61.909069 111.760704
-61.791096 166.752914
-60.021980 116.657013
-59.396488 -36.416885
-58.920357 19.969040
-52.018818 -146.722610
-50.949734 -20.476952
-48.736492 143.687637
-47.871994 17.663948
-47.173038 89.072517
-46.026962 -1.448282
-44.789089 -100.636581
-40.830833 -77.302689
-40.794548 -97.498619
-39.057522 -97.610886
-37.279461 171.171677
-34.690552 156.306946
-33.752487 165.345459
-33.574364 -113.212044
-32.483566 -169.506668
-29.637547 -174.038559
-29.557230 -100.349960
-29.304865 -6.756090
-28.822615 152.802872
-28.162819 28.484436
-27.830345 -17.614321
-27.107670 5.466173
-24.583916 99.708061
-22.107988 -109.456223
-20.689262 134.544495
-16.109674 -19.498531
-15.697536 -145.307083
-15.441758 -53.590881
-14.700019 114.436951
-10.360405 161.066956
-11.151833 -150.168213
-7.018817 19.231625
-6.867947 -39.039833
-6.619649 78.983803
-6.073446 113.272568
-4.479904 -115.131264
-0.819377 -69.992149
-0.265297 170.229507
-0.199195 -104.360786
0.000000 0.000000
0.696173 67.575996
3.655856 -131.167618
6.541540 -45.967834
6.878895 123.283623
7.948410 49.077347
12.321765 -43.017193
12.536639 -14.195762
13.051023 23.753651
15.543462 -53.922356
15.754598 67.604607
16.178673 49.248871
18.837252 -107.222984
19.148596 -147.720856
20.629055 175.315811
21.137762 121.625687
21.538279 -13.348472
21.873642 -172.065063
22.970272 -86.329720
25.695158 16.155970
25.963362 34.054409
26.126532 -29.906189
26.535585 -123.447815
27.056984 147.235764
27.427471 165.105164
28.134674 -1.168539
28.799530 175.002686
29.233761 -115.464943
32.604641 62.713455
32.917957 176.045227
33.022552 -159.196396
36.438160 -124.706444
38.450768 81.166946
39.905453 -157.657806
40.683353 -110.885147
41.677811 -99.749519
44.624149 38.415337
48.535603 133.619888
49.443558 102.135925
50.139256 -143.958282
50.267277 66.816765
51.243130 -77.577332
52.861145 -16.355127
59.532692 58.591812
60.075893 114.158356
62.828362 40.585640
63.863495 -105.047668
66.731194 -17.466900
71.629341 -118.197502
72.747826 -168.049683
76.311523 -73.197792
85.927933 -84.015854